3.110740369831595231e+01
2.728002169518929776e+01
2.200017175069322306e+01
2.199995952496276530e+01
6.896344533164219115e+01
3.080009178775444667e+01
2.310057694761108138e+01
2.090010474582363287e+01
7.427700757419079025e+01
3.629982271538526817e+01
2.420042802617343725e+01
2.199987377350150197e+01
7.744081578614793671e+01
3.190023249683458673e+01
2.090000473229609312e+01
1.979954859510691279e+01
8.015924911455944368e+01
2.310022144042995862e+01
1.429931098235506148e+01
1.539998521398316811e+01
