1.826000000000000156e+01
1.517999999999999972e+01
1.660999999999999943e+01
1.496000000000000085e+01
1.352999999999999936e+01
1.209999999999999964e+01
1.044999999999999929e+01
8.800000000000000711e+00
1.209999999999999964e+01
1.166000000000000014e+01
1.180669999999999931e+01
1.195330000000000048e+01
1.110999999999999943e+01
1.056000000000000050e+01
1.011999999999999922e+01
9.679999999999999716e+00
9.460000000000000853e+00
9.240000000000000213e+00
1.650000000000000000e+01
1.503330000000000055e+01
1.356670000000000087e+01
1.209999999999999964e+01
1.155000000000000071e+01
1.100000000000000000e+01
1.077999999999999936e+01
1.056000000000000050e+01
1.000999999999999979e+01
9.460000000000000853e+00
1.650000000000000000e+01
1.056000000000000050e+01
1.253999999999999915e+01
1.451999999999999957e+01
1.011999999999999922e+01
9.679999999999999716e+00
9.460000000000000853e+00
9.240000000000000213e+00
8.800000000000000711e+00
8.359999999999999432e+00
1.209999999999999964e+01
1.129330000000000034e+01
1.048670000000000080e+01
9.679999999999999716e+00
9.460000000000000853e+00
9.240000000000000213e+00
8.800000000000000711e+00
8.359999999999999432e+00
7.809999999999999609e+00
7.259999999999999787e+00
