 -3.556871841604e+000  4.589512053682e+000 -2.770000000000e+001
 -2.697926074842e+000 -2.158340859873e+000 -3.256666564941e+001
 -3.022119128490e+000 -3.588766465082e+000 -2.280000000000e+001
 -3.950376936459e+000  3.950376936459e+000 -2.890000000000e+001
 -3.939193107448e-001 -2.626128738298e-001 -3.170000000000e+001
 -3.817413635987e+000  5.726120453981e+000 -2.560000000000e+001
  7.928092121614e-001 -1.321348686936e-001 -3.190000000000e+001
 -3.255322674178e+000  4.714605252257e+000 -2.710000000000e+001
 -4.109021622069e+000 -1.458039930412e+000 -3.200000000000e+001
 -2.410736475851e+000  2.410736475851e+000 -2.910000000000e+001
 -4.503355148704e+000 -5.003727943004e-001 -3.020000000000e+001
 -4.435009526965e+000 -3.816170988319e+000 -2.490000000000e+001
 -1.313064369149e-001  1.575677242979e+000 -3.170000000000e+001
 -3.906055836302e+000  2.477011018143e+000 -2.300000000000e+001
 -2.692403280590e+000  6.627454229144e+000 -2.500000000000e+001
 -3.925109767211e+000  4.266423660012e-001 -2.060000000000e+001
 -2.369314886919e+000  3.317040841687e+000 -2.860000000000e+001
 -3.008864220031e+000 -4.137188302543e+000 -2.270000000000e+001
 -3.166266257974e+000  4.523237511391e+000 -2.730000000000e+001
 -5.010355397233e+000  2.087648082180e-001 -2.520000000000e+001
 -3.337751636153e+000  6.773672438075e+000 -2.370000000000e+001
 -7.160550078701e+000  1.335017811283e+000 -2.930000000000e+001
  2.897854361693e+000  1.317206528042e+000 -3.180000000000e+001
 -1.728522906139e+000 -1.329633004722e+000 -3.210000000000e+001
 -5.994532350261e+000 -1.554138016734e+000 -2.680000000000e+001
 -3.363433021291e+000  3.827354817331e+000 -2.800000000000e+001
  1.329633004722e+000  1.462596305194e+000 -3.210000000000e+001
 -3.158810371966e+000  6.725209179024e+000 -2.460000000000e+001
 -3.026261287383e+000  3.026261287383e+000 -2.810000000000e+001
 -2.762819981775e+000 -3.143898599950e+000 -2.300000000000e+001
 -3.583381658520e+000  1.048794631762e+000 -2.110000000000e+001
 -1.151934388203e+000  1.407919807804e+000 -3.090000000000e+001
 -4.064286306023e+000  1.662662579737e+000 -2.230000000000e+001
 -2.132383398227e+000  3.317040841687e+000 -2.860000000000e+001
  2.634413056085e+000  2.107530444868e+000 -3.180000000000e+001
 -5.061718167509e+000 -1.946814679811e-001 -2.350000000000e+001
  5.946069091210e+000  3.699776323420e+000 -3.190000000000e+001
 -3.375445282081e+000  3.142655952282e+000 -2.810000000000e+001
  5.480076215724e+000  2.609560102726e+000 -3.150000000000e+001
 -4.292105045150e+000 -1.430701681717e+000 -3.140000000000e+001
 -3.247452572281e+000  3.711374368321e+000 -2.800000000000e+001
 -2.899511225251e+000  4.059315715351e+000 -2.800000000000e+001
  4.751056250518e+000  2.182917736724e+000 -3.100000000000e+001
 -3.698947891641e+000  6.813851379339e+000 -2.350000000000e+001
 -2.077292684947e+000  2.199486372297e+000 -2.950000000000e+001
 -3.131472123271e+000  1.391765388120e+000 -2.100000000000e+001
  3.181178029989e+000  1.325490845829e+000 -3.200000000000e+001
 -3.593737055753e+000  6.588517935548e+000 -2.410000000000e+001
 -2.853947477425e+000  5.378593322840e+000 -2.650000000000e+001
 -3.929251926104e+000  3.698119459862e+000 -2.790000000000e+001
 -3.235854527380e+000  4.622649324828e-001 -1.860000000000e+001
 -3.638472371800e+000 -4.548090464750e+000 -2.440000000000e+001
 -4.155413801673e+000 -3.777648910612e-001 -2.280000000000e+001
  6.648165023610e-001  0.000000000000e+000 -3.210000000000e+001
 -3.777648910612e+000  1.983265678071e+000 -2.280000000000e+001
 -3.384143815757e+000  9.796205782454e-001 -2.150000000000e+001
  5.358296744263e+000  3.061883853865e+000 -3.080000000000e+001
  3.303371717339e+000  2.774832242565e+000 -3.190000000000e+001
 -4.632590506172e+000 -1.544196835391e+000 -2.330000000000e+001
 -6.196669704250e+000 -1.352000662745e+000 -2.720000000000e+001
 -6.627454229144e-001 -1.590589014995e+000 -3.200000000000e+001
 -3.430950211250e+000  5.822218540303e+000 -2.510000000000e+001
 -5.616767459200e-001  2.948802916080e+000 -3.390000000000e+001
 -6.822964128904e+000  9.410985005385e-001 -2.840000000000e+001
 -3.493911026427e+000  1.996520586530e+000 -2.410000000000e+001
 -3.662911109270e+000  6.533841438158e+000 -2.390000000000e+001
  2.634413056085e+000  1.975809792064e+000 -3.180000000000e+001
 -3.800845000414e+000  6.471709054759e+000 -2.480000000000e+001
 -1.366912434761e+000  1.988236268743e+000 -3.000000000000e+001
 -3.253251594731e+000 -4.018722558197e+000 -2.310000000000e+001
 -1.476265429542e+000  2.460442382570e+000 -2.970000000000e+001
 -3.081766216552e+000  3.081766216552e-001 -1.860000000000e+001
 -3.570126750062e+000 -9.154171154005e-002 -2.210000000000e+001
 -3.852207770690e+000  1.242647667965e-001 -3.000000000000e+001
 -4.575014497556e+000 -7.787258719244e-001 -2.350000000000e+001
  3.976472537487e-001  1.855687184160e+000 -3.200000000000e+001
 -3.305442796786e+000  5.288708474857e+000 -2.660000000000e+001
 -3.044486786513e+000  6.799353823213e+000 -2.450000000000e+001
 -3.519592411565e+000  1.335017811283e+000 -2.930000000000e+001
 -3.339408499710e+000  2.303040344628e+000 -2.780000000000e+001
 -2.916079860823e+000 -9.278435920802e-001 -3.200000000000e+001
 -4.301217794715e+000 -5.865296992793e-001 -2.360000000000e+001
 -3.007207356474e+000 -2.050368652141e+000 -3.300000000000e+001
 -4.001325490846e+000 -1.524314472703e+000 -2.300000000000e+001
 -4.732002319609e+000 -9.858338165852e-001 -2.380000000000e+001
 -1.577748322426e+000  3.276861900423e+000 -2.930000000000e+001
 -3.120288294259e+000  3.351420760500e+000 -2.790000000000e+001
  1.248860906304e+000 -4.162869687681e-001 -3.350000000000e+001
 -1.023941678403e+000  2.175876066606e+000 -3.090000000000e+001
 -1.344130560848e+000  3.054842183746e+000 -2.950000000000e+001
 -2.583464501698e+000 -3.635987076464e+000 -2.310000000000e+001
 -3.838124430453e+000 -2.527545356640e+000 -2.260000000000e+001
 -2.632756192528e+000 -3.949134288791e+000 -2.270000000000e+001
  2.232209427554e+000  1.050451495319e+000 -3.170000000000e+001
  4.413884516610e+000  4.000082843178e+000 -3.330000000000e+001
 -3.744511639466e+000  2.059481401707e+000 -2.260000000000e+001
 -4.419269323171e+000  2.256648165024e+000 -2.270000000000e+001
 -6.054179438323e+000 -6.486620826775e-001 -2.610000000000e+001
  2.617844420512e+000  1.439814431282e+000 -3.160000000000e+001
 -3.634744428796e+000  2.423162952531e-001 -1.950000000000e+001
 -2.539971833320e+000  2.056167674592e+000 -2.920000000000e+001
 -3.355148703504e+000 -2.609560102726e+000 -2.250000000000e+001
 -2.735481733079e+000  6.207439317372e+000 -2.540000000000e+001
 -2.827023444619e+000  4.523237511391e+000 -2.730000000000e+001
  2.617844420512e+000  1.308922210256e+000 -3.160000000000e+001
 -5.175627537072e+000 -2.957501449756e+000 -2.550000000000e+001
 -2.515118879960e+000  6.014414712948e+000 -2.640000000000e+001
  5.557120371137e+000  3.489354651644e+000 -3.120000000000e+001
 -3.305442796786e+000  1.574020379422e-001 -1.900000000000e+001
 -3.698119459862e+000  3.351420760500e+000 -2.790000000000e+001
 -4.096595145390e+000  2.762819981775e+000 -2.300000000000e+001
 -2.992709800348e+000  2.035042664237e+000 -2.890000000000e+001
 -3.131472123271e+000 -2.713942506835e+000 -2.520000000000e+001
 -3.868983514208e+000  6.448305857013e+000 -2.395000000000e+001
 -3.874161212824e+000  9.067185817248e-001 -1.990000000000e+001
 -6.598459116892e+000 -1.006544611051e+000 -2.700000000000e+001
 -3.267334934968e+000 -4.132217711871e+000 -2.320000000000e+001
  3.590009112750e+000  3.191119211333e+000 -3.210000000000e+001
 -3.348935465164e+000  7.271974152929e+000 -2.310000000000e+001
 -2.004804841112e+000 -2.138458497186e+000 -3.226666564941e+001
 -3.131472123271e+000  5.845414630105e+000 -2.520000000000e+001
  3.043658354734e+000  2.905310247701e+000 -3.340000000000e+001
 -4.135531438986e+000 -7.754121448099e-001 -3.120000000000e+001
  1.600530196338e+000  4.001325490846e-001 -3.220000000000e+001
 -3.668295915831e+000  6.419517852705e+000 -2.460000000000e+001
 -3.683207687847e+000  6.687929748985e+000 -2.340000000000e+001
 -4.211747162621e+000 -4.314472703173e+000 -2.480000000000e+001
 -6.565321845746e-001  2.626128738298e-001 -3.170000000000e+001
 -1.230221191285e+000  2.706486620827e+000 -2.970000000000e+001
 -2.506006130395e+000  4.328556043410e+000 -2.750000000000e+001
  1.387623229227e+000 -2.775246458454e-001 -3.350000000000e+001
 -1.342059481402e+000 -1.342059481402e+000 -3.240000000000e+001
 -3.699362107530e+000 -2.276530527711e+000 -2.290000000000e+001
 -4.458619832657e+000 -1.841603843923e+000 -2.340000000000e+001
 -6.564079198078e+000  2.105459365421e+000 -2.990000000000e+001
 -4.319443293845e+000 -2.846905807307e+000 -2.370000000000e+001
 -5.946069091210e+000 -9.729931240162e-001 -2.610000000000e+001
 -3.516692900340e+000  4.220031480408e+000 -2.830000000000e+001
 -7.729268494739e-001  2.834065114738e+000 -3.110000000000e+001
  1.178029989230e+000  9.162455471792e-001 -3.160000000000e+001
 -4.075884350924e+000  3.158810371966e+000 -2.460000000000e+001
  3.466986993621e+000  2.311324662414e+000 -3.100000000000e+001
 -1.014000497059e+000  2.535001242648e+000 -3.060000000000e+001
  5.480076215724e+000  2.740038107862e+000 -3.150000000000e+001
 -2.982354403115e+000  6.523900256814e-001 -2.250000000000e+001
 -3.573026261287e+000 -3.478999254411e+000 -2.270000000000e+001
  5.332615359125e+000  2.601275784939e+000 -3.140000000000e+001
 -3.723800845000e+000 -2.402452158065e+000 -2.900000000000e+001
 -3.543616933146e+000  7.331621240991e-001 -2.950000000000e+001
 -2.524231629525e+000  4.130560848314e+000 -2.770000000000e+001
 -2.305111424074e+000  6.366498218872e+000 -2.650000000000e+001
 -1.963383315384e+000 -1.308922210256e-001 -3.160000000000e+001
 -3.635987076464e+000  6.506503189462e+000 -2.310000000000e+001
 -5.751801839119e+000 -2.387540386049e+000 -2.620000000000e+001
 -2.994780879795e+000  6.887996023527e+000 -2.410000000000e+001
 -3.035374036948e+000 -3.699362107530e+000 -2.290000000000e+001
  1.373815990780e+000 -4.121447972340e-001 -3.316666564941e+001
 -2.896611714025e+000  5.578659597382e+000 -2.590000000000e+001
  4.943252423163e+000  2.915251429045e+000 -3.060000000000e+001
 -2.562753707232e+000  4.902659266009e+000 -2.690000000000e+001
  1.300637892470e-001  7.803827354817e-001 -3.140000000000e+001
 -6.441885510728e+000  1.550824289620e+000 -2.880000000000e+001
  0.000000000000e+000 -1.458039930412e+000 -3.200000000000e+001
 -6.037196586861e+000 -1.207439317372e+000 -2.650000000000e+001
 -2.578908126916e+000  3.165023610306e+000 -2.830000000000e+001
 -3.976472537487e-001 -1.590589014995e+000 -3.200000000000e+001
 -6.309336426145e+000 -1.915334272223e+000 -2.720000000000e+001
 -3.752795957253e+000  1.250931985751e-001 -3.020000000000e+001
 -3.377930577417e+000  7.141910363682e+000 -2.330000000000e+001
 -2.634413056085e+000  5.159058901499e+000 -2.650000000000e+001
 -3.233783447933e+000  1.747991052937e-001 -2.110000000000e+001
 -3.047800513628e+000  2.227238836882e+000 -2.830000000000e+001
 -1.590589014995e+000 -1.192941761246e+000 -3.200000000000e+001
 -3.220942755364e+000 -9.394416369812e-001 -3.240000000000e+001
 -6.471709054759e+000  6.933973987242e-001 -2.790000000000e+001
  5.048256151106e+000  2.071079446608e+000 -3.125000000000e+001
 -8.959489686024e-001  1.279927098003e+000 -3.090000000000e+001
 -6.680473862977e+000  1.550824289620e+000 -2.880000000000e+001
 -2.331207025101e+000  5.661502775246e+000 -2.680000000000e+001
  4.309502112501e+000  2.535001242648e+000 -3.060000000000e+001
 -9.162455471792e-001 -5.235688841024e-001 -3.160000000000e+001
 -3.638472371800e+000 -1.920304862895e+000 -2.440000000000e+001
 -2.682047883357e+000  5.685941512716e+000 -2.590000000000e+001
 -3.897909512527e+000  5.688840910174e+000 -2.543333282471e+001
 -2.966199983431e+000  4.494242399138e-001 -2.170000000000e+001
 -4.250545285234e+000  2.532239744395e+000 -2.183333282471e+001
 -6.196669704250e+000 -2.028000994118e+000 -2.720000000000e+001
 -3.295087399553e+000  1.068676994450e+000 -2.150000000000e+001
 -7.741694705961e+000  6.144202147588e-001 -2.966666564941e+001
 -6.586032640212e-001 -5.268826112170e-001 -3.180000000000e+001
 -3.988899014166e+000 -2.393339408500e+000 -3.210000000000e+001
 -1.545853698948e+000  5.152845663160e-001 -3.110000000000e+001
 -5.636649821887e+000 -1.043824041090e+000 -2.520000000000e+001
 -3.065197580979e+000  1.593902742109e+000 -2.960000000000e+001
 -2.592991467153e-001  1.166846160219e+000 -3.130000000000e+001
 -1.040510313976e+000  1.300637892470e-001 -3.140000000000e+001
  1.329633004722e+000  1.196669704250e+000 -3.210000000000e+001
 -2.310910358039e+000  6.162427621436e+000 -2.656666564941e+001
 -4.109021622069e+000 -2.120785353326e+000 -3.200000000000e+001
 -2.321680059647e+000  1.955098997598e+000 -2.950000000000e+001
 -3.247452572281e+000  2.319608980200e+000 -2.800000000000e+001
  5.813934222517e+000  3.567641454726e+000 -3.190000000000e+001
 -3.809129318201e+000  7.791400878138e-001 -2.090000000000e+001
 -4.132217711871e+000 -2.594648330710e+000 -2.320000000000e+001
 -3.983928423494e+000  2.371385966366e+000 -2.290000000000e+001
 -3.877060724049e+000  2.584707149366e+000 -2.400000000000e+001
  2.617844420512e+000  1.832491094358e+000 -3.160000000000e+001
 -1.023941678403e+000  8.959489686024e-001 -3.090000000000e+001
  4.761273419884e+000  1.930245981034e+000 -3.106666564941e+001
 -2.642697373871e-001 -1.321348686936e+000 -3.190000000000e+001
 -3.889072984840e+000  7.398724215061e+000 -2.290000000000e+001
 -1.801839118549e+000  3.123187805484e+000 -2.900000000000e+001
 -2.967028415210e+000  6.445613453732e+000 -2.470000000000e+001
 -3.566398807058e+000  6.215723635159e+000 -2.460000000000e+001
 -4.001325490846e+000 -1.429044818159e+000 -2.300000000000e+001
 -3.402369314887e+000 -3.310413387458e+000 -2.220000000000e+001
 -4.265595228233e+000 -6.735150360368e-001 -2.710000000000e+001
 -2.920222019717e+000  3.854693066026e+000 -2.820000000000e+001
 -2.696131223594e+000  3.165023610306e+000 -2.830000000000e+001
  3.227259547676e+000  3.367575180184e+000 -3.387500000000e+001
 -5.558777234695e+000 -1.010686769944e-001 -2.440000000000e+001
 -3.966531356143e+000 -1.461353657526e+000 -2.520000000000e+001
 -3.389942838207e+000  1.093529947809e+000 -2.640000000000e+001
 -3.266920719079e+000  1.385966365670e+000 -2.390000000000e+001
  2.952530859084e+000  2.684118962803e+000 -3.240000000000e+001
 -4.150028995112e+000 -2.991881368569e+000 -2.330000000000e+001
  3.976472537487e-001  1.458039930412e+000 -3.200000000000e+001
  1.985198744546e+000  2.694198296169e+000 -3.423333435059e+001
  1.988236268743e+000  1.325490845829e+000 -3.200000000000e+001
 -2.408251180515e+000 -1.471709054759e+000 -3.230000000000e+001
 -3.403611962555e+000  6.085245630022e+000 -2.490000000000e+001
  3.839781294010e+000  2.559854196007e+000 -3.090000000000e+001
 -2.214398144313e+000  1.722309667799e+000 -2.970000000000e+001
 -4.135531438986e+000 -6.461767873416e-001 -3.120000000000e+001
  4.407257062381e+000  2.644354237429e+000 -3.040000000000e+001
 -7.550327230553e+000  2.435589429211e-001 -2.940000000000e+001
 -3.506751718996e+000  5.878966117140e+000 -2.490000000000e+001
 -3.696876812195e+000  5.703752795957e+000 -2.550000000000e+001
  2.486952199486e+000  1.701598873333e+000 -3.160000000000e+001
  6.648165023610e-001 -6.648165023610e-001 -3.210000000000e+001
 -2.979040676000e+000 -3.940021539226e+000 -2.320000000000e+001
 -2.495236517273e+000  6.446027669621e+000 -2.510000000000e+001
  4.333112418192e+000  3.545273796703e+000 -3.170000000000e+001
 -6.565321845746e-001  0.000000000000e+000 -3.170000000000e+001
 -2.576422831580e+000 -1.288211415790e-001 -3.110000000000e+001
  3.251594731174e+000  2.601275784939e+000 -3.140000000000e+001
 -5.578659597382e+000 -1.931074476017e+000 -2.590000000000e+001
 -7.232209427554e+000 -1.205368237926e-001 -2.910000000000e+001
 -3.855107281915e+000 -1.974567144396e+000 -2.270000000000e+001
 -2.882942589678e+000  7.783944992130e+000 -2.320000000000e+001
 -7.802584707149e+000 -2.477011018143e-001 -2.990000000000e+001
 -3.448347278602e+000 -2.702758677823e+000 -2.250000000000e+001
 -3.740369480573e+000  1.478750724878e+000 -2.100000000000e+001
 -2.298069753956e+000  2.298069753956e+000 -2.920000000000e+001
 -2.806312650153e+000  4.714605252257e+000 -2.710000000000e+001
 -4.420511970839e+000 -1.249275122194e+000 -2.320000000000e+001
